2 0.46875 0.6234375 0.4796875 0.6109375 0.5 0.5375 0.5046875 0.534375 0.50625 0.4890625 0.4984375 0.475 0.4875 0.465625 0.4859375 0.4578125 0.4734375 0.4515625 0.465625 0.4734375 0.4375 0.46875 0.4296875 0.4796875 0.40625 0.4796875 0.3984375 0.4875 0.3890625 0.4875 0.3859375 0.534375 0.4171875 0.5921875 0.4421875 0.6234375 0.46875 0.6234375
0 0.7375 0.1546875 0.75 0.175 0.75 0.184375 0.7609375 0.2015625 0.7609375 0.21875 0.7734375 0.25625 0.7734375 0.3640625 0.74375 0.3796875 0.7140625 0.3796875 0.7109375 0.390625 0.7375 0.39375 0.725 0.4171875 0.7609375 0.39375 0.7828125 0.3921875 0.8078125 0.415625 0.834375 0.425 0.8421875 0.40625 0.8734375 0.403125 0.8546875 0.384375 0.8546875 0.378125 0.8671875 0.371875 0.8671875 0.3640625 0.8234375 0.375 0.7921875 0.3734375 0.7921875 0.2921875 0.7796875 0.2046875 0.7609375 0.15625 0.7296875 0.1125 0.7265625 0.1 0.7109375 0.1 0.7109375 0.109375 0.7359375 0.1421875 0.7375 0.1546875
1 0.725 0.5046875 0.7296875 0.50625 0.7296875 0.5140625 0.7375 0.5203125 0.7421875 0.5375 0.75 0.54375 0.7609375 0.56875 0.78125 0.5890625 0.8 0.5890625 0.8171875 0.5734375 0.8234375 0.5515625 0.8296875 0.546875 0.8359375 0.525 0.8546875 0.49375 0.8546875 0.48125 0.859375 0.478125 0.859375 0.4390625 0.8546875 0.4359375 0.8546875 0.425 0.8453125 0.4171875 0.8375 0.4171875 0.8328125 0.4296875 0.8 0.4109375 0.78125 0.39375 0.7625 0.39375 0.725 0.421875 0.7125 0.4390625 0.7125 0.4734375 0.725 0.49375 0.725 0.5046875
1 0.5234375 0.534375 0.53125 0.546875 0.5375 0.5796875 0.546875 0.5921875 0.5578125 0.5921875 0.6046875 0.534375 0.6046875 0.525 0.6171875 0.50625 0.61875 0.4734375 0.5984375 0.4390625 0.5875 0.43125 0.5671875 0.4421875 0.54375 0.4421875 0.5375 0.4484375 0.5171875 0.4703125 0.51875 0.5171875 0.5234375 0.5203125 0.5234375 0.534375
1 0.21875 0.425 0.2234375 0.4546875 0.23125 0.465625 0.2375 0.4921875 0.25625 0.5171875 0.2828125 0.5171875 0.309375 0.4921875 0.3375 0.44375 0.359375 0.41875 0.359375 0.375 0.3421875 0.35 0.3171875 0.33125 0.3109375 0.3125 0.296875 0.3 0.2671875 0.2859375 0.234375 0.2859375 0.21875 0.2921875 0.2125 0.3015625 0.2109375 0.321875 0.2 0.34375 0.2 0.3875 0.21875 0.425
1 0.3671875 0.6609375 0.3671875 0.6109375 0.3625 0.6046875 0.353125 0.6171875 0.340625 0.6171875 0.3109375 0.59375 0.3 0.603125 0.3 0.609375 0.2921875 0.6125 0.2921875 0.6671875 0.3125 0.6984375 0.3359375 0.6984375 0.3671875 0.6609375
1 0.634375 0.6734375 0.6203125 0.6671875 0.6203125 0.6984375 0.625 0.7015625 0.6375 0.7421875 0.64375 0.7453125 0.64375 0.7546875 0.65 0.7609375 0.6625 0.7609375 0.6734375 0.753125 0.7015625 0.7046875 0.6984375 0.66875 0.6921875 0.65625 0.6796875 0.65625 0.6609375 0.6828125 0.6546875 0.68125 0.646875 0.6671875 0.634375 0.6734375
0 0.5859375 0.35 0.58125 0.3765625 0.565625 0.4 0.55625 0.4 0.53125 0.41875 0.5234375 0.4359375 0.534375 0.43125 0.5359375 0.4421875 0.54375 0.4375 0.565625 0.4421875 0.5765625 0.43125 0.5875 0.4296875 0.6 0.4375 0.6203125 0.4703125 0.6234375 0.4625 0.6109375 0.425 0.5890625 0.3984375 0.59375 0.3953125 0.5984375 0.3640625 0.6109375 0.3375 0.6171875 0.2921875 0.6234375 0.2859375 0.63125 0.2234375 0.6359375 0.2203125 0.6359375 0.175 0.61875 0.20625 0.6 0.31875 0.59375 0.3265625 0.59375 0.3421875 0.5859375 0.35
0 0.3453125 0.553125 0.3453125 0.56328125 0.3375 0.56015625 0.3359375 0.5734375 0.328125 0.58125 0.296875 0.58125 0.2921875 0.5953125 0.303125 0.5984375 0.3140625 0.59375 0.3375 0.6140625 0.3546875 0.6140625 0.3609375 0.609375 0.3625 0.6 0.34375 0.575 0.3484375 0.55 0.3484375 0.50625 0.34375 0.50625 0.3484375 0.496875 0.3484375 0.45 0.34375 0.45 0.3453125 0.5 0.3375 0.5171875 0.3375 0.5515625 0.3453125 0.553125
0 0.318359375 0.2431640625 0.302734375 0.2529296875 0.2998046875 0.265625 0.283203125 0.2509765625 0.2734375 0.2197265625 0.2626953125 0.20703125 0.25390625 0.2177734375 0.2607421875 0.26171875 0.2275390625 0.24609375 0.212890625 0.2529296875 0.220703125 0.2744140625 0.2333984375 0.287109375 0.2646484375 0.28515625 0.318359375 0.2998046875 0.3515625 0.2001953125 0.3447265625 0.185546875 0.328125 0.2080078125 0.318359375 0.2431640625
0 0.4560546875 0.47265625 0.470703125 0.4677734375 0.47265625 0.4404296875 0.4638671875 0.431640625 0.4453125 0.4306640625 0.4306640625 0.376953125 0.423828125 0.3798828125 0.43359375 0.4306640625 0.376953125 0.4326171875 0.396484375 0.4580078125 0.384765625 0.4814453125 0.384765625 0.4892578125 0.390625 0.4892578125 0.4111328125 0.478515625 0.4248046875 0.48046875 0.4404296875 0.466796875 0.4560546875 0.47265625
0 0.6875 0.4931640625 0.669921875 0.3408203125 0.6591796875 0.3125 0.65625 0.3291015625 0.671875 0.4072265625 0.673828125 0.5751953125 0.66015625 0.6259765625 0.640625 0.6318359375 0.6552734375 0.63671875 0.654296875 0.6455078125 0.6396484375 0.650390625 0.640625 0.6435546875 0.6337890625 0.640625 0.623046875 0.6669921875 0.6337890625 0.673828125 0.6474609375 0.669921875 0.65234375 0.6806640625 0.6611328125 0.6796875 0.658203125 0.6865234375 0.6650390625 0.6875 0.6708984375 0.673828125 0.6796875 0.6748046875 0.6904296875 0.654296875 0.7109375 0.6904296875 0.697265625 0.6474609375 0.673828125 0.6259765625 0.685546875 0.5791015625 0.6875 0.4931640625