2 0.4625 0.509375 0.4625 0.5171875 0.46875 0.51875 0.4734375 0.534375 0.4859375 0.5421875 0.4875 0.5484375 0.5046875 0.5484375 0.5234375 0.5265625 0.5296875 0.503125 0.5359375 0.496875 0.5375 0.48125 0.5421875 0.478125 0.5421875 0.4625 0.5484375 0.4578125 0.5546875 0.43125 0.5609375 0.425 0.565625 0.40625 0.5609375 0.340625 0.534375 0.30625 0.4625 0.30625 0.4390625 0.3234375 0.4265625 0.3234375 0.4109375 0.3421875 0.4109375 0.421875 0.43125 0.45625 0.4375 0.478125 0.4625 0.509375
1 0.484375 0.7984375 0.4921875 0.790625 0.4984375 0.7625 0.5046875 0.7546875 0.5046875 0.7390625 0.5109375 0.73125 0.5109375 0.71875 0.5171875 0.7125 0.5171875 0.64375 0.4890625 0.61875 0.4859375 0.6296875 0.478125 0.6359375 0.4578125 0.6203125 0.4515625 0.6203125 0.4375 0.63125 0.4359375 0.6421875 0.428125 0.6515625 0.40625 0.65625 0.4046875 0.70625 0.4109375 0.728125 0.46875 0.7984375 0.484375 0.7984375
1 0.84375 0.54375 0.83125 0.5515625 0.83125 0.5890625 0.8640625 0.6171875 0.8796875 0.6234375 0.88125 0.6296875 0.90625 0.6421875 0.9328125 0.6421875 0.940625 0.634375 0.9359375 0.5125 0.915625 0.4875 0.875 0.503125 0.875 0.525 0.8703125 0.534375 0.8625 0.5421875 0.84375 0.54375
1 0.6609375 0.703125 0.66875 0.7078125 0.6796875 0.7046875 0.6921875 0.690625 0.7109375 0.6546875 0.7109375 0.64375 0.7171875 0.6359375 0.7171875 0.6260416671875 0.7109375 0.6203125 0.7171875 0.6161458328125 0.7109375 0.6125 0.7171875 0.60625 0.7109375 0.6046875 0.7078125 0.6234375 0.7015625 0.6234375 0.69375 0.6125 0.6828125 0.6171875 0.659375 0.6125 0.64375 0.6234375 0.6375 0.615625 0.6359375 0.59375 0.6203125 0.59375 0.6171875 0.6296875 0.625 0.6375 0.625 0.6453125 0.6609375 0.703125
0 0.49375 0 0.49375 0.0140625 0.4875 0.021875 0.4875 0.05 0.48125 0.0625 0.4796875 0.1265625 0.4734375 0.1546875 0.4734375 0.2375 0.4484375 0.2625 0.45625 0.2796875 0.4546875 0.290625 0.4390625 0.3 0.425 0.3 0.43125 0.3015625 0.4296875 0.3109375 0.4234375 0.3140625 0.425 0.3234375 0.4359375 0.3234375 0.4640625 0.3046875 0.5203125 0.3046875 0.534375 0.3 0.5140625 0.2703125 0.5171875 0.25625 0.4890625 0.2609375 0.4859375 0.253125 0.4875 0.1598958328125 0.503125 0.165625 0.50625 0.1796875 0.5140625 0.1796875 0.5140625 0.17109375 0.50625 0.16875 0.5140625 0.1625 0.4984375 0.1 0.4984375 0.0578125 0.5046875 0.040625 0.50625 0 0.49375 0
2 0.94375 0.26875 0.975 0.3125 0.98125 0.3171875 0.9984375 0.3171875 0.9984375 0.1734375 0.96875 0.1609375 0.9375 0.1890625 0.93125 0.2 0.93125 0.2265625 0.9375 0.234375 0.94375 0.26875
0 0.3546875 0.2703125 0.35625 0.3171875 0.35 0.34375 0.353125 0.3671875 0.3375 0.4390625 0.3171875 0.4796875 0.3171875 0.503125 0.3125 0.50625 0.3125 0.5265625 0.3 0.5625 0.3 0.5828125 0.26875 0.59375 0.240625 0.628125 0.240625 0.6359375 0.2609375 0.6296875 0.2703125 0.6453125 0.29375 0.63125 0.3015625 0.63125 0.3140625 0.64375 0.3234375 0.6453125 0.340625 0.6296875 0.3640625 0.628125 0.3546875 0.603125 0.3171875 0.578125 0.3171875 0.5359375 0.3234375 0.5265625 0.3234375 0.50625 0.3296875 0.5 0.3359375 0.4703125 0.3484375 0.44375 0.359375 0.4359375 0.3671875 0.41875 0.371875 0.3828125 0.3859375 0.3640625 0.3859375 0.3296875 0.3796875 0.3203125 0.3796875 0.3015625 0.3734375 0.290625 0.3546875 0.1859375 0.3484375 0.1765625 0.3484375 0.1578125 0.3328125 0.1609375 0.3375 0.2015625 0.3421875 0.2046875 0.35 0.2640625 0.3546875 0.2703125
0 0.9328125 0.146875 0.9484375 0.153125 0.9421875 0.16875 0.94375 0.178125 0.95625 0.1734375 0.96875 0.1609375 0.9984375 0.171875 0.9984375 0.1171875 0.9921875 0.115625 0.9984375 0.109375 0.9921875 0.1046875 0.9984375 0.1015625 0.9984375 0.09375 0.9921875 0.09375 0.990625 0.1171875 0.9796875 0.1359375 0.9328125 0.1390625 0.9328125 0.146875
1 0.2859375 0.784375 0.30625 0.8046875 0.3125 0.8046875 0.3484375 0.75625 0.3484375 0.7453125 0.3734375 0.696875 0.371875 0.6546875 0.3625 0.6359375 0.3546875 0.63125 0.3375 0.63125 0.3265625 0.6484375 0.3171875 0.6484375 0.296875 0.63125 0.271875 0.6484375 0.2640625 0.64375 0.2625 0.628125 0.25 0.6359375 0.24375 0.64375 0.24375 0.70625 0.275 0.75625 0.2859375 0.784375
2 0.9875 0.9375 0.99375 0.9515625 0.9984375 0.9515625 0.9984375 0.8875 0.9921875 0.8890625 0.9875 0.9046875 0.9796875 0.9125 0.9796875 0.934375 0.9875 0.9375
0 0.4814453125 0.63671875 0.4873046875 0.625 0.4970703125 0.625 0.5107421875 0.638671875 0.5185546875 0.63671875 0.498046875 0.6083984375 0.517578125 0.5947265625 0.4560546875 0.595703125 0.451171875 0.5908203125 0.4013671875 0.404296875 0.3984375 0.4130859375 0.412109375 0.4931640625 0.44140625 0.5966796875 0.4384765625 0.60546875 0.404296875 0.6298828125 0.412109375 0.6376953125 0.41015625 0.6533203125 0.42578125 0.6572265625 0.4375 0.6513671875 0.4482421875 0.623046875 0.4677734375 0.625 0.4814453125 0.63671875
0 0.7080078125 0.623046875 0.716796875 0.6044921875 0.7109375 0.5751953125 0.681640625 0.5419921875 0.685546875 0.4794921875 0.6767578125 0.37109375 0.669921875 0.3759765625 0.67578125 0.4658203125 0.671875 0.5380859375 0.6513671875 0.5390625 0.607421875 0.5673828125 0.62109375 0.5771484375 0.623046875 0.5927734375 0.638671875 0.6005859375 0.640625 0.6220703125 0.6484375 0.6240234375 0.6611328125 0.611328125 0.6806640625 0.623046875 0.6904296875 0.61328125 0.7080078125 0.623046875
0 0.8955078125 0.490234375 0.923828125 0.4853515625 0.9189453125 0.470703125 0.8779296875 0.453125 0.8642578125 0.455078125 0.8505859375 0.46875 0.83984375 0.4599609375 0.837890625 0.3466796875 0.8251953125 0.25 0.81640625 0.2548828125 0.822265625 0.2666015625 0.826171875 0.3212890625 0.82421875 0.4580078125 0.83203125 0.4873046875 0.814453125 0.5048828125 0.810546875 0.5283203125 0.826171875 0.5791015625 0.8349609375 0.544921875 0.87109375 0.5361328125 0.8779296875 0.5 0.8955078125 0.490234375